"uri"
"http://landregistry.data.gov.uk/data/ppd/monthly/file-2022-10"
